1	0.721626	1	1	-12.5043
1	0.721626	1	2	-12.1583
1	0.721626	1	3	-3.57983
1	0.721626	1	4	0.386925
1	0.721626	1	5	0.10238
1	0.721626	2	2	7.09808
1	0.721626	2	3	10.8896
1	0.721626	2	4	3.84924
1	0.721626	2	5	0.482265
1	0.721626	3	3	9.80923
1	0.721626	3	4	2.73546
1	0.721626	3	5	0.323775
1	0.721626	4	4	0.66266
1	0.721626	4	5	0.0791
1	0.721626	5	5	0.0105
2	1.02053	1	1	-0.83322
2	1.02053	1	2	2.92953
2	1.02053	1	3	2.68221
2	1.02053	1	4	0.5996
2	1.02053	1	5	0.05994
2	1.02053	2	2	4.60146
2	1.02053	2	3	2.04899
2	1.02053	2	4	0.17012
2	1.02053	2	5	0.00835
2	1.02053	3	3	0.20496
2	1.02053	3	4	-0.16232
2	1.02053	3	5	-0.02212
2	1.02053	4	4	-0.06664
2	1.02053	4	5	-0.00847
2	1.02053	5	5	-0.00124
3	1.24989	1	1	-1.2056
3	1.24989	1	2	-1.9262
3	1.24989	1	3	-0.965995
3	1.24989	1	4	-0.08975
3	1.24989	1	5	-0.00439
3	1.24989	2	2	0.19052
3	1.24989	2	3	0.98272
3	1.24989	2	4	0.46836
3	1.24989	2	5	0.05167
3	1.24989	3	3	1.18098
3	1.24989	3	4	0.401445
3	1.24989	3	5	0.042
3	1.24989	4	4	0.10587
3	1.24989	4	5	0.01093
3	1.24989	5	5	0.00116
4	1.44325	1	1	1.57278
4	1.44325	1	2	0.678895
4	1.44325	1	3	-0.19201
4	1.44325	1	4	-0.237585
4	1.44325	1	5	-0.02906
4	1.44325	2	2	-2.16465
4	1.44325	2	3	-1.97499
4	1.44325	2	4	-0.556375
4	1.44325	2	5	-0.05769
4	1.44325	3	3	-1.43347
4	1.44325	3	4	-0.32211
4	1.44325	3	5	-0.03178
4	1.44325	4	4	-0.05093
4	1.44325	4	5	-0.00478
4	1.44325	5	5	-0.00040437
5	1.6136	1	1	-0.18056
5	1.6136	1	2	-0.25963
5	1.6136	1	3	-0.122135
5	1.6136	1	4	-0.005785
5	1.6136	1	5	0.000222935
5	1.6136	2	2	0.06119
5	1.6136	2	3	0.164195
5	1.6136	2	4	0.07024
5	1.6136	2	5	0.00762
5	1.6136	3	3	0.18448
5	1.6136	3	4	0.05835
5	1.6136	3	5	0.00596
5	1.6136	4	4	0.01335
5	1.6136	4	5	0.00134
5	1.6136	5	5	0.00013589
6	1.76762	1	1	-0.24991
6	1.76762	1	2	-0.123875
6	1.76762	1	3	0.03204
6	1.76762	1	4	0.038255
6	1.76762	1	5	0.00416
6	1.76762	2	2	0.27823
6	1.76762	2	3	0.27803
6	1.76762	2	4	0.06932
6	1.76762	2	5	0.006325
6	1.76762	3	3	0.19857
6	1.76762	3	4	0.034815
6	1.76762	3	5	0.00289
6	1.76762	4	4	0.0021
6	1.76762	4	5	5.99e-005
6	1.76762	5	5	-1.707e-005
7	1.90924	1	1	0.12667
7	1.90924	1	2	-0.12698
7	1.90924	1	3	-0.155055
7	1.90924	1	4	-0.052
7	1.90924	1	5	-0.00494
7	1.90924	2	2	-0.33646
7	1.90924	2	3	-0.2019
7	1.90924	2	4	-0.03131
7	1.90924	2	5	-0.00263
7	1.90924	3	3	-0.0856
7	1.90924	3	4	-0.000809245
7	1.90924	3	5	0.00018256
7	1.90924	4	4	0.00602
7	1.90924	4	5	0.00063582
7	1.90924	5	5	7.114e-005
8	2.04107	1	1	-0.0562
8	2.04107	1	2	-0.10542
8	2.04107	1	3	-0.06053
8	2.04107	1	4	-0.00346
8	2.04107	1	5	-0.00021538
8	2.04107	2	2	0.02297
8	2.04107	2	3	0.065765
8	2.04107	2	4	0.03102
8	2.04107	2	5	0.00313
8	2.04107	3	3	0.0808
8	2.04107	3	4	0.0261
8	2.04107	3	5	0.00257
8	2.04107	4	4	0.00605
8	2.04107	4	5	0.00060033
8	2.04107	5	5	5.985e-005
9	2.16488	1	1	0.00873
9	2.16488	1	2	0.00407
9	2.16488	1	3	0.001285
9	2.16488	1	4	-0.001885
9	2.16488	1	5	-0.000227815
9	2.16488	2	2	-0.02741
9	2.16488	2	3	-0.022885
9	2.16488	2	4	-0.00775
9	2.16488	2	5	-0.00075592
9	2.16488	3	3	-0.01916
9	2.16488	3	4	-0.00577
9	2.16488	3	5	-0.000541855
9	2.16488	4	4	-0.00108
9	2.16488	4	5	-9.808e-005
9	2.16488	5	5	-8.4e-006
10	2.28198	1	1	0.03537
10	2.28198	1	2	-0.04456
10	2.28198	1	3	-0.052595
10	2.28198	1	4	-0.014525
10	2.28198	1	5	-0.00135
10	2.28198	2	2	-0.09691
10	2.28198	2	3	-0.053415
10	2.28198	2	4	-0.00514
10	2.28198	2	5	-0.00036167
10	2.28198	3	3	-0.0154
10	2.28198	3	4	0.0031
10	2.28198	3	5	0.00037442
10	2.28198	4	4	0.00224
10	2.28198	4	5	0.000231005
10	2.28198	5	5	2.522e-005
11	2.39336	1	1	0.00473
11	2.39336	1	2	-0.026365
11	2.39336	1	3	-0.02229
11	2.39336	1	4	-0.00363
11	2.39336	1	5	-0.00026688
11	2.39336	2	2	-0.02912
11	2.39336	2	3	-0.007245
11	2.39336	2	4	0.00164
11	2.39336	2	5	0.00021462
11	2.39336	3	3	0.00689
11	2.39336	3	4	0.00322
11	2.39336	3	5	0.00031306
11	2.39336	4	4	0.00078254
11	2.39336	4	5	7.02e-005
11	2.39336	5	5	5.99e-006
12	2.49978	1	1	-0.02818
12	2.49978	1	2	-0.03632
12	2.49978	1	3	-0.01548
12	2.49978	1	4	-0.0011
12	2.49978	1	5	-4.061e-005
12	2.49978	2	2	0.01889
12	2.49978	2	3	0.02872
12	2.49978	2	4	0.01141
12	2.49978	2	5	0.00115
12	2.49978	3	3	0.02762
12	2.49978	3	4	0.00903
12	2.49978	3	5	0.000884505
12	2.49978	4	4	0.00246
12	2.49978	4	5	0.0002371
12	2.49978	5	5	2.281e-005
13	2.60186	1	1	0.00451
13	2.60186	1	2	-0.0294
13	2.60186	1	3	-0.02398
13	2.60186	1	4	-0.00676
13	2.60186	1	5	-0.000607955
13	2.60186	2	2	-0.03348
13	2.60186	2	3	-0.01353
13	2.60186	2	4	0.00027725
13	2.60186	2	5	5.735e-005
13	2.60186	3	3	-0.00066002
13	2.60186	3	4	0.00297
13	2.60186	3	5	0.00029351
13	2.60186	4	4	0.0016
13	2.60186	4	5	0.00015153
13	2.60186	5	5	1.465e-005
14	2.79484	1	1	-0.003
14	2.79484	1	2	0.00726
14	2.79484	1	3	0.00722
14	2.79484	1	4	0.00214
14	2.79484	1	5	0.00017998
14	2.79484	2	2	0.00842
14	2.79484	2	3	0.00364
14	2.79484	2	4	-0.000519045
14	2.79484	2	5	-7.3985e-005
14	2.79484	3	3	-0.00025587
14	2.79484	3	4	-0.00135
14	2.79484	3	5	-0.00013804
14	2.79484	4	4	-0.00066279
14	2.79484	4	5	-6.323e-005
14	2.79484	5	5	-6.11e-006
15	2.8865	1	1	-0.08303
15	2.8865	1	2	-0.12363
15	2.8865	1	3	-0.0566
15	2.8865	1	4	-0.000964725
15	2.8865	1	5	0.00014792
15	2.8865	2	2	0.04951
15	2.8865	2	3	0.094915
15	2.8865	2	4	0.03755
15	2.8865	2	5	0.00357
15	2.8865	3	3	0.09885
15	2.8865	3	4	0.02929
15	2.8865	3	5	0.00268
15	2.8865	4	4	0.00663
15	2.8865	4	5	0.00059173
15	2.8865	5	5	5.108e-005
16	2.97534	1	1	0.012
16	2.97534	1	2	0.01191
16	2.97534	1	3	0.00356
16	2.97534	1	4	-0.000923615
16	2.97534	1	5	-0.000112555
16	2.97534	2	2	-0.00951
16	2.97534	2	3	-0.0132
16	2.97534	2	4	-0.0042
16	2.97534	2	5	-0.000409885
16	2.97534	3	3	-0.01212
16	2.97534	3	4	-0.00285
16	2.97534	3	5	-0.00026915
16	2.97534	4	4	-0.00042371
16	2.97534	4	5	-3.912e-005
16	2.97534	5	5	-3.4e-006
17	3.0616	1	1	0.00632
17	3.0616	1	2	0.00736
17	3.0616	1	3	0.00259
17	3.0616	1	4	3.002e-005
17	3.0616	1	5	1.0045e-005
17	3.0616	2	2	-0.00545
17	3.0616	2	3	-0.00708
17	3.0616	2	4	-0.00236
17	3.0616	2	5	-0.000213035
17	3.0616	3	3	-0.00615
17	3.0616	3	4	-0.0017
17	3.0616	3	5	-0.000157175
17	3.0616	4	4	-0.00043261
17	3.0616	4	5	-4.145e-005
17	3.0616	5	5	-4.06e-006
18	3.14549	1	1	-0.00049656
18	3.14549	1	2	-0.00176
18	3.14549	1	3	-0.001065
18	3.14549	1	4	-0.00035435
18	3.14549	1	5	-3.149e-005
18	3.14549	2	2	-0.00142
18	3.14549	2	3	-0.000515515
18	3.14549	2	4	4.493e-005
18	3.14549	2	5	1.0865e-005
18	3.14549	3	3	-0.0001054
18	3.14549	3	4	0.000146095
18	3.14549	3	5	1.837e-005
18	3.14549	4	4	0.00010424
18	3.14549	4	5	1.08e-005
18	3.14549	5	5	1.14e-006
19	3.22721	1	1	0.01146
19	3.22721	1	2	0.00683
19	3.22721	1	3	0.000414625
19	3.22721	1	4	-0.00146
19	3.22721	1	5	-0.000137775
19	3.22721	2	2	-0.01533
19	3.22721	2	3	-0.01449
19	3.22721	2	4	-0.00434
19	3.22721	2	5	-0.000395625
19	3.22721	3	3	-0.01119
19	3.22721	3	4	-0.00269
19	3.22721	3	5	-0.00024288
19	3.22721	4	4	-0.00043658
19	3.22721	4	5	-3.953e-005
19	3.22721	5	5	-3.48e-006
20	3.3069	1	1	-0.01293
20	3.3069	1	2	0.0068
20	3.3069	1	3	0.01105
20	3.3069	1	4	0.00414
20	3.3069	1	5	0.00037036
20	3.3069	2	2	0.02635
20	3.3069	2	3	0.01708
20	3.3069	2	4	0.00282
20	3.3069	2	5	0.000237025
20	3.3069	3	3	0.00808
20	3.3069	3	4	0.000288015
20	3.3069	3	5	1.405e-005
20	3.3069	4	4	-0.00048146
20	3.3069	4	5	-4.616e-005
20	3.3069	5	5	-4.54e-006
21	3.38472	1	1	0.00017664
21	3.38472	1	2	0.00185
21	3.38472	1	3	0.00138
21	3.38472	1	4	0.000365835
21	3.38472	1	5	3.344e-005
21	3.38472	2	2	0.00128
21	3.38472	2	3	0.000232175
21	3.38472	2	4	-0.000167345
21	3.38472	2	5	-2.4025e-005
21	3.38472	3	3	-0.00040775
21	3.38472	3	4	-0.000286665
21	3.38472	3	5	-3.309e-005
21	3.38472	4	4	-0.00012007
21	3.38472	4	5	-1.291e-005
21	3.38472	5	5	-1.42e-006
22	3.4608	1	1	-0.00524
22	3.4608	1	2	-0.00355
22	3.4608	1	3	-0.00050265
22	3.4608	1	4	0.000707365
22	3.4608	1	5	7.1345e-005
22	3.4608	2	2	0.00689
22	3.4608	2	3	0.0069
22	3.4608	2	4	0.00211
22	3.4608	2	5	0.00018953
22	3.4608	3	3	0.00562
22	3.4608	3	4	0.00134
22	3.4608	3	5	0.0001176
22	3.4608	4	4	0.00018436
22	3.4608	4	5	1.511e-005
22	3.4608	5	5	1.11e-006
23	3.53523	1	1	-0.00659
23	3.53523	1	2	-0.00881
23	3.53523	1	3	-0.003575
23	3.53523	1	4	0.00032583
23	3.53523	1	5	3.671e-005
23	3.53523	2	2	0.00346
23	3.53523	2	3	0.007155
23	3.53523	2	4	0.00246
23	3.53523	2	5	0.00022735
23	3.53523	3	3	0.0074
23	3.53523	3	4	0.00178
23	3.53523	3	5	0.000160975
23	3.53523	4	4	0.00025785
23	3.53523	4	5	2.323e-005
23	3.53523	5	5	2.04e-006
24	3.60813	1	1	-0.00152
24	3.60813	1	2	-0.000836295
24	3.60813	1	3	1.624e-005
24	3.60813	1	4	0.000205655
24	3.60813	1	5	2.0055e-005
24	3.60813	2	2	0.0013
24	3.60813	2	3	0.00137
24	3.60813	2	4	0.00040983
24	3.60813	2	5	4.128e-005
24	3.60813	3	3	0.00104
24	3.60813	3	4	0.000231535
24	3.60813	3	5	2.3515e-005
24	3.60813	4	4	2.521e-005
24	3.60813	4	5	2.81e-006
24	3.60813	5	5	2.9e-007
25	3.67958	1	1	0.00077713
25	3.67958	1	2	0.00514
25	3.67958	1	3	0.00372
25	3.67958	1	4	0.00061101
25	3.67958	1	5	5.054e-005
25	3.67958	2	2	0.00269
25	3.67958	2	3	-0.000349975
25	3.67958	2	4	-0.00080538
25	3.67958	2	5	-8.2625e-005
25	3.67958	3	3	-0.00207
25	3.67958	3	4	-0.000931445
25	3.67958	3	5	-8.98e-005
25	3.67958	4	4	-0.00026983
25	3.67958	4	5	-2.564e-005
25	3.67958	5	5	-2.46e-006
26	3.74968	1	1	0.00022574
26	3.74968	1	2	-0.000180705
26	3.74968	1	3	-0.000191525
26	3.74968	1	4	-1.139e-005
26	3.74968	1	5	-1.425e-006
26	3.74968	2	2	-0.00097474
26	3.74968	2	3	-0.000519055
26	3.74968	2	4	-0.000160315
26	3.74968	2	5	-1.423e-005
26	3.74968	3	3	-0.00022234
26	3.74968	3	4	-0.0001058
26	3.74968	3	5	-9.26e-006
26	3.74968	4	4	-4.617e-005
26	3.74968	4	5	-4.07e-006
26	3.74968	5	5	-3.5e-007
27	3.81848	1	1	0.00056127
27	3.81848	1	2	0.00326
27	3.81848	1	3	0.00232
27	3.81848	1	4	0.00044961
27	3.81848	1	5	3.8755e-005
27	3.81848	2	2	0.00090085
27	3.81848	2	3	-0.00067454
27	3.81848	2	4	-0.000647305
27	3.81848	2	5	-6.1695e-005
27	3.81848	3	3	-0.00152
27	3.81848	3	4	-0.000701065
27	3.81848	3	5	-6.51e-005
27	3.81848	4	4	-0.00022432
27	3.81848	4	5	-2.062e-005
27	3.81848	5	5	-1.9e-006
28	3.88607	1	1	-0.00164
28	3.88607	1	2	0.007
28	3.88607	1	3	0.00615
28	3.88607	1	4	0.00155
28	3.88607	1	5	0.000135095
28	3.88607	2	2	0.00667
28	3.88607	2	3	0.00207
28	3.88607	2	4	-0.00056492
28	3.88607	2	5	-5.3555e-005
28	3.88607	3	3	-0.00114
28	3.88607	3	4	-0.00113
28	3.88607	3	5	-0.00010191
28	3.88607	4	4	-0.00045566
28	3.88607	4	5	-4.086e-005
28	3.88607	5	5	-3.67e-006
29	4.01784	1	1	-0.00055841
29	4.01784	1	2	-0.00023421
29	4.01784	1	3	6.227e-005
29	4.01784	1	4	8.539e-005
29	4.01784	1	5	1.042e-005
29	4.01784	2	2	0.00072969
29	4.01784	2	3	0.00065354
29	4.01784	2	4	0.00020481
29	4.01784	2	5	2.1105e-005
29	4.01784	3	3	0.0004663
29	4.01784	3	4	0.00011898
29	4.01784	3	5	1.1525e-005
29	4.01784	4	4	2.225e-005
29	4.01784	4	5	1.94e-006
29	4.01784	5	5	1.5e-007
30	4.08213	1	1	0.00061495
30	4.08213	1	2	-0.000148125
30	4.08213	1	3	-0.000503195
30	4.08213	1	4	-0.000128915
30	4.08213	1	5	-1.115e-005
30	4.08213	2	2	-0.00069635
30	4.08213	2	3	-0.000465515
30	4.08213	2	4	5.73e-006
30	4.08213	2	5	2.17e-006
30	4.08213	3	3	-6.817e-005
30	4.08213	3	4	8.6015e-005
30	4.08213	3	5	8.74e-006
30	4.08213	4	4	3.169e-005
30	4.08213	4	5	2.98e-006
30	4.08213	5	5	2.8e-007
31	4.14542	1	1	0.00015486
31	4.14542	1	2	-0.00032779
31	4.14542	1	3	-0.000285155
31	4.14542	1	4	-7.6935e-005
31	4.14542	1	5	-6.97e-006
31	4.14542	2	2	-0.00078176
31	4.14542	2	3	-0.00041924
31	4.14542	2	4	-8.434e-005
31	4.14542	2	5	-7.215e-006
31	4.14542	3	3	-0.00018373
31	4.14542	3	4	-3.408e-005
31	4.14542	3	5	-2.76e-006
31	4.14542	4	4	-4.01e-006
31	4.14542	4	5	-2.8e-007
31	4.14542	5	5	-1e-008
32	4.20776	1	1	-0.00109
32	4.20776	1	2	-0.00109
32	4.20776	1	3	-0.000334595
32	4.20776	1	4	4.9415e-005
32	4.20776	1	5	4.305e-006
32	4.20776	2	2	0.00086827
32	4.20776	2	3	0.00109
32	4.20776	2	4	0.00038293
32	4.20776	2	5	3.5465e-005
32	4.20776	3	3	0.0009337
32	4.20776	3	4	0.0002583
32	4.20776	3	5	2.408e-005
32	4.20776	4	4	5.748e-005
32	4.20776	4	5	5.45e-006
32	4.20776	5	5	5.1e-007
33	4.2692	1	1	0.00020663
33	4.2692	1	2	0.00035794
33	4.2692	1	3	0.000173925
33	4.2692	1	4	-2.457e-005
33	4.2692	1	5	-2.84e-006
33	4.2692	2	2	-0.00029764
33	4.2692	2	3	-0.000449275
33	4.2692	2	4	-0.00014233
33	4.2692	2	5	-1.211e-005
33	4.2692	3	3	-0.00046548
33	4.2692	3	4	-0.00010844
33	4.2692	3	5	-8.93e-006
33	4.2692	4	4	-1.103e-005
33	4.2692	4	5	-7.5e-007
33	4.2692	5	5	-4e-008
34	4.32975	1	1	-0.00054402
34	4.32975	1	2	0.00042801
34	4.32975	1	3	0.000523445
34	4.32975	1	4	0.0001963
34	4.32975	1	5	1.7095e-005
34	4.32975	2	2	0.00132
34	4.32975	2	3	0.00078617
34	4.32975	2	4	0.000155145
34	4.32975	2	5	1.401e-005
34	4.32975	3	3	0.0003646
34	4.32975	3	4	3.7485e-005
34	4.32975	3	5	3.63e-006
34	4.32975	4	4	-1.291e-005
34	4.32975	4	5	-1.08e-006
34	4.32975	5	5	-9e-008
35	4.38948	1	1	0.00065043
35	4.38948	1	2	8.0465e-005
35	4.38948	1	3	-0.000233675
35	4.38948	1	4	-0.000118565
35	4.38948	1	5	-1.079e-005
35	4.38948	2	2	-0.00095807
35	4.38948	2	3	-0.000747185
35	4.38948	2	4	-0.00016928
35	4.38948	2	5	-1.572e-005
35	4.38948	3	3	-0.00044566
35	4.38948	3	4	-7.245e-005
35	4.38948	3	5	-6.87e-006
35	4.38948	4	4	-4.81e-006
35	4.38948	4	5	-5.3e-007
35	4.38948	5	5	-5e-008
36	4.4484	1	1	-8.39e-005
36	4.4484	1	2	-0.000407965
36	4.4484	1	3	-0.000226765
36	4.4484	1	4	1.0945e-005
36	4.4484	1	5	1.3e-007
36	4.4484	2	2	-0.00012705
36	4.4484	2	3	0.000169805
36	4.4484	2	4	4.766e-005
36	4.4484	2	5	1.47e-006
36	4.4484	3	3	0.00027164
36	4.4484	3	4	3.304e-005
36	4.4484	3	5	1.13e-006
36	4.4484	4	4	-1.049e-005
36	4.4484	4	5	-1.28e-006
36	4.4484	5	5	-1.5e-007
37	4.50655	1	1	-0.0012
37	4.50655	1	2	-0.00050794
37	4.50655	1	3	0.00014342
37	4.50655	1	4	0.00019946
37	4.50655	1	5	1.8195e-005
37	4.50655	2	2	0.00156
37	4.50655	2	3	0.00142
37	4.50655	2	4	0.000374445
37	4.50655	2	5	3.3535e-005
37	4.50655	3	3	0.00103
37	4.50655	3	4	0.00019842
37	4.50655	3	5	1.761e-005
37	4.50655	4	4	1.444e-005
37	4.50655	4	5	1.24e-006
37	4.50655	5	5	1e-007
38	4.56396	1	1	-0.00344
38	4.56396	1	2	-0.00196
38	4.56396	1	3	3.7835e-005
38	4.56396	1	4	0.00049973
38	4.56396	1	5	4.401e-005
38	4.56396	2	2	0.00419
38	4.56396	2	3	0.00408
38	4.56396	2	4	0.00113
38	4.56396	2	5	9.9885e-005
38	4.56396	3	3	0.0031
38	4.56396	3	4	0.000642685
38	4.56396	3	5	5.668e-005
38	4.56396	4	4	6.685e-005
38	4.56396	4	5	5.97e-006
38	4.56396	5	5	5.2e-007
39	4.62066	1	1	0.0001037
39	4.62066	1	2	-3.85e-007
39	4.62066	1	3	-5.1875e-005
39	4.62066	1	4	-1.9765e-005
39	4.62066	1	5	-1.81e-006
39	4.62066	2	2	-0.00020475
39	4.62066	2	3	-0.00014918
39	4.62066	2	4	-3.0715e-005
39	4.62066	2	5	-2.2e-006
39	4.62066	3	3	-8.305e-005
39	4.62066	3	4	-1.1045e-005
39	4.62066	3	5	-5.6e-007
39	4.62066	4	4	-1.24e-006
39	4.62066	4	5	0
39	4.62066	5	5	1e-008
40	4.67667	1	1	-0.00048731
40	4.67667	1	2	-4.395e-005
40	4.67667	1	3	0.000178365
40	4.67667	1	4	9.39e-005
40	4.67667	1	5	8.295e-006
40	4.67667	2	2	0.00076405
40	4.67667	2	3	0.000586665
40	4.67667	2	4	0.000137485
40	4.67667	2	5	1.311e-005
40	4.67667	3	3	0.00035943
40	4.67667	3	4	6.2355e-005
40	4.67667	3	5	6.25e-006
40	4.67667	4	4	3.8e-006
40	4.67667	4	5	5.3e-007
40	4.67667	5	5	6e-008
41	4.73202	1	1	-4.755e-005
41	4.73202	1	2	-5.9605e-005
41	4.73202	1	3	-1.943e-005
41	4.73202	1	4	1.59e-006
41	4.73202	1	5	1e-007
41	4.73202	2	2	-5.44e-006
41	4.73202	2	3	2.161e-005
41	4.73202	2	4	1.0165e-005
41	4.73202	2	5	1.155e-006
41	4.73202	3	3	2.182e-005
41	4.73202	3	4	6.445e-006
41	4.73202	3	5	7.75e-007
41	4.73202	4	4	1.06e-006
41	4.73202	4	5	1.4e-007
41	4.73202	5	5	2e-008
42	4.78672	1	1	0.00094988
42	4.78672	1	2	0.00072322
42	4.78672	1	3	0.00010044
42	4.78672	1	4	-0.000115215
42	4.78672	1	5	-9.87e-006
42	4.78672	2	2	-0.00099833
42	4.78672	2	3	-0.00111
42	4.78672	2	4	-0.000306955
42	4.78672	2	5	-2.7255e-005
42	4.78672	3	3	-0.00089965
42	4.78672	3	4	-0.00017986
42	4.78672	3	5	-1.6175e-005
42	4.78672	4	4	-1.801e-005
42	4.78672	4	5	-1.73e-006
42	4.78672	5	5	-1.6e-007
43	4.84081	1	1	0.00023519
43	4.84081	1	2	-0.00023833
43	4.84081	1	3	-0.00026802
43	4.84081	1	4	-9.656e-005
43	4.84081	1	5	-8.77e-006
43	4.84081	2	2	-0.0005521
43	4.84081	2	3	-0.00031964
43	4.84081	2	4	-4.7225e-005
43	4.84081	2	5	-4.305e-006
43	4.84081	3	3	-0.00013736
43	4.84081	3	4	2.155e-006
43	4.84081	3	5	1.95e-007
43	4.84081	4	4	1.376e-005
43	4.84081	4	5	1.25e-006
43	4.84081	5	5	1.2e-007
44	4.94722	1	1	5.073e-005
44	4.94722	1	2	-9.4875e-005
44	4.94722	1	3	-0.000108695
44	4.94722	1	4	-2.388e-005
44	4.94722	1	5	-2.15e-006
44	4.94722	2	2	-6.924e-005
44	4.94722	2	3	-1.4505e-005
44	4.94722	2	4	2.1935e-005
44	4.94722	2	5	1.88e-006
44	4.94722	3	3	4.103e-005
44	4.94722	3	4	3.017e-005
44	4.94722	3	5	2.62e-006
44	4.94722	4	4	9.87e-006
44	4.94722	4	5	8.7e-007
44	4.94722	5	5	8e-008
45	4.99957	1	1	9.765e-005
45	4.99957	1	2	-0.000171745
45	4.99957	1	3	-0.000182885
45	4.99957	1	4	-4.445e-005
45	4.99957	1	5	-3.58e-006
45	4.99957	2	2	-0.00029855
45	4.99957	2	3	-0.000139885
45	4.99957	2	4	3.95e-007
45	4.99957	2	5	7.35e-007
45	4.99957	3	3	-1.342e-005
45	4.99957	3	4	2.4005e-005
45	4.99957	3	5	2.49e-006
45	4.99957	4	4	1.073e-005
45	4.99957	4	5	9.9e-007
45	4.99957	5	5	9e-008
46	5.05138	1	1	5.294e-005
46	5.05138	1	2	0.00040756
46	5.05138	1	3	0.00028638
46	5.05138	1	4	4.943e-005
46	5.05138	1	5	4.365e-006
46	5.05138	2	2	0.00019335
46	5.05138	2	3	-4.263e-005
46	5.05138	2	4	-5.854e-005
46	5.05138	2	5	-5.285e-006
46	5.05138	3	3	-0.00016703
46	5.05138	3	4	-6.728e-005
46	5.05138	3	5	-6.04e-006
46	5.05138	4	4	-1.882e-005
46	5.05138	4	5	-1.7e-006
46	5.05138	5	5	-1.5e-007
47	5.10266	1	1	5.318e-005
47	5.10266	1	2	-0.0004437
47	5.10266	1	3	-0.000349825
47	5.10266	1	4	-6.117e-005
47	5.10266	1	5	-5.28e-006
47	5.10266	2	2	-0.00043733
47	5.10266	2	3	-9.927e-005
47	5.10266	2	4	2.7395e-005
47	5.10266	2	5	2.97e-006
47	5.10266	3	3	0.00010392
47	5.10266	3	4	4.897e-005
47	5.10266	3	5	4.66e-006
47	5.10266	4	4	1.302e-005
47	5.10266	4	5	1.22e-006
47	5.10266	5	5	1.1e-007
